rostopic pub --once /tf_matrix std_msgs/Float64MultiArray "layout:
  dim:
  - label: 'rows'
    size: 3
    stride: 4
  - label: 'columns'
    size: 4
    stride: 1
  data_offset: 0
data: [0.95085546, 0.19840159, 0.2377198, 0.29124849, -0.83371212, -0.46914648, 0.10511047, 0.51532603, -0.85052388, 0.301, -0.139, 0.266]"